1207864715
1459996527
1679940277
1756584670
1758590056
1771512533
1776215353
1777176501
1777224519
1784570457
1784604591
1789833447
1794518884
1794569868
1796237759
1798350881
1800668870
1803443785
1807484808
1808178131
1810612745
1817280849
1835802788
1836039998
1836044397
1839181384
1844585466
1885243368
1898036753
1912841630
1926601122
1946324583
1969111503
1983867887
1983930003
1996802731
1996826820
2045998614
2052536874
2052556403
2077454291
2089138947
2093825527
2100808284
2194530252
2197912161
2238168819
2344788886
2370640409
2374704039
2390455802
2398915163
2411715439
2423296710
2480471844
2493052304
2522935928
2522942258
2522947965
2570298495
2585250621
2587542891
2614384652
2620186314
2623473016
2651925896
2655100847
2663629373
2663637586
2673231207
2681760411
2691128452
2691933046
2700262458
2717421274
2734785401
2763932096
2766837358
2775133942
2787248021
2787249375
2787571741
2788131336
2794045653
2794926555
2804335360
2806221877
2809390340
2809562537
2812876019
2813583736
2814573768
2819950383
2822472548
2824690710
2828926240
2830207443
2832179930
2832532057
2833518664
2835142671
2835394844
2835507996
2839588384
2839759655
2841796905
2841834507
2843742780
2847515072
2847968189
2848796652
2854083091
2857246631
2857410102
2857538837
2858557054
2859865458
2862077897
2863108790
2863198232
2863249167
2866925475
2867985699
2868481493
2868850884
2868988564
2869899379
2870888116
2870956606
2872280493
2872926852
2873424178
2876432544
2876815443
2877056033
2877855240
2878000302
2879383945
2880424224
2880682728
2882041049
2882144930
2882629245
2882824932
2882829381
2883355843
2883426230
2886379581
2886388997
2887537617
2888508466
2888515579
2889084443
2889098863
2889191040
2889272761
2889275116
2890476709
2891261228
2891310910
2891443257
2891570395
2893048219
2894296965
2894972488
2895292315
2895762448
2896229950
2896280536
2896318627
2896608544
2899733021
2899963958
2900387658
2900487252
2901551755
2902032639
2902382220
2903552952
2905518683
2907385672
2911016930
2911645465
2913418218
2916848021
2917256815
2917306763
2918674544
2918861999
2919377676
2920413201
2920671510
2920782704
2921401142
2921459424
2922059802
2922366771
2922368939
2922370634
2922413311
2922507242
2922514682
2922519476
2922532321
2922808006
2923058574
2923132997
2923400743
2923441475
2923609400
2923615786
2923629449
2923633261
2923638694
2923653894
2923801194
2924061698
2924163863
2924202073
2924204932
2924208475
2924216953
2924697678
2924722409
2925929252
2926363333
2926787606
2927276007
2927543617
2927760252
2929825885
2930094128
2931146349
2931269155
2932157836
2932359097
2932363814
2934211843
2935199101
2935763072
2935770445
2935901330
2936136472
2936210449
2936381445
2937124528
2938673661
2939769158
2939803316
2939918053
2940168404
2940184031
2940300532
2942457863
2943643045
2943844273
2944090580
2945303359
2945591861
2945816567
2947075840
2947777346
2948342776
2948628498
2949638117
2950288512
2950439813
2950669609
2951054013
2952009723
2953167644
2953242827
2953801915
2954387038
2954738928
2956295460
2956513438
2957540535
2958729254
2958810061
2960389958
2961311665
2961759398
2962739134
2964900493
2965361511
2966642292
2967572470
2967775993
2967795590
2967865321
2968651210
2969297787
2970834309
2971609761
2972521478
2972525584
2973197363
2973586047
2973769139
2975448503
2975458859
2975469561
2975725638
2976375333
2977131575
2977714774
2978260729
2978297249
2978313473
2978610140
2979208829
2980655083
2980825745
2981042058
2981268808
2981414124
2982263247
2983527726
2983888530
2984191414
2984715958
2985094764
2985154319
2985956592
2986082590
2986377055
2986800946
2987284880
2987408383
2988220000
2989670793
2989682000
2990688770
2992022633
2993352582
2993362270
2993946017
2995521839
2996181333
2996186823
2996675012
2997718338
2997828482
2998757800
2999533824
3000925581
3001191986
3001442160
3002530844
3003031110
3004915936
3005242075
3006197765
3006290724
3007942201
3008647773
3009148896
3009290634
3009316155
3011086159
3011722686
3011916759
3012184472
3013412577
3013702957
3013809411
3014332414
3014770065
3015222976
3015612931
3015816772
3016108736
3016741682
3017337350
3018259607
3018406224
3018420342
3018430554
3018516781
3018783810
3019006663
3019135323
3019817792
3020093685
3020191442
3020194074
3020376271
3020854575
3021021825
3021072009
3021562969
3021987040
3022182237
3022546448
3022581744
3023029059
3023698605
3023846665
3024219149
3024703298
3024902014
3024938732
3024959329
3024984317
3025014655
3025294577
3025443226
3025466788
3025924012
3025964760
3025975631
3026599235
3026619136
3026728311
3027423366
3027596381
3027696062
3028048463
3028487980
3029439711
3029697803
3030266716
3030327742
3030646534
3031712532
3032479112
3032603717
3032985945
3033037497
3033047776
3033363099
3034091486
3034138431
3034202761
3034208736
3034234419
3034332604
3034534893
3034565665
3034574844
3034618572
3034879269
3034892752
3035029729
3035183350
3035190275
3035403564
3035426959
3035530301
3035592229
3035884995
3035905378
3035931142
3035973440
3036044678
3036054139
3036100131
3036409802
3036436587
3036439435
3036470502
3036590919
3036636878
3036702667
3036752277
3036812302
3036841484
3036852841
3036870223
3036894477
3036912064
3036935071
3037111842
3037160894
3037170911
3037266729
3037287383
3037466102
3037565156
3037575721
3037630481
3037641515
3037662228
3037896170
3037959811
3037969617
3037975708
3038279454
3038326165
3038327243
3038378748
3038406064
3038457776
3038484709
3038511777
3038513201
3038528398
3038610003
3038667382
3038676999
3038684213
3038685133
3038691330
3038742068
3038820623
3038868417
3038868428
3039276859
3039625231
3040306511
3040406447
3040415746
3040419498
3040420731
3041426346
3041524682
3041697632
3042038255
3042449435
3042456446
3042484181
3042586681
3046022542
3046154693
3047011169
3047820440
3048201293
3048550323
3051276120
3051281493
3051354482
3052784836
3053748782
3054601357
3055306541
3055350226
3056527251
3057014883
3059524273
3060606244
3068905673
3074389562
3076033604
3078870672
3087231311
3091257626
3093781944
3096339623
3098338858
3098540596
3100052627
3101331562
3101340473
3103513623
3107298292
3107355496
3109941957
3112006243
3112134885
3112236289
3114004297
3118807470
3118926767
3118940683
3118993014
3118993721
3119062366
3119064212
3119073294
3119073531
3119074474
3119090251
3119094371
3119199497
3119221394
3119226873
3119380709
3119395367
3119401513
3119518002
3119535619
3119568710
3119646342
3119659054
3119762160
3124696080
3124707500
3124719376
3127590311
3128131380
3128145055
3128226696
3128239562
3133562833
3133584750
3134598935
3134618477
3134631565
3134655757
3134669855
3134677311
3135989288
3136816334
3139146423
3139183789
3145496298
3145502882
3145509304
3145731386
3146762110
3146765656
3148125112
3154519872
3154525222
3154531740
3155758756
3163894338
3163897478
3163939941
3167819839
3170324725
3171057503
3171068343
3174694955
3174700852
3174937337
3175835236
3184683175
3186484858
3195948931
3196642572
3202532367
3203334568
3203351111
3207190538
3207630799
3207642896
3207708061
3207732848
3207747810
3208482759
3211047821
3211969677
3212731906
3215759139
3216049638
3217168288
3217186123
3219038290
3231822105
3232631983
3234051036
3238769946
3238832644
3238850487
3249024816
3249062905
3256637739
3263519196
3269751124
3270160583
860641835
879419431
883077753
