1313314824
1379407316
1483595374
1857604488
1940745035
1967167227
1971534132
1992743660
2004351991
2065162818
2076858919
2077830505
2107069461
2149668648
2173231389
2177923481
2198098743
2227998090
2269289556
2279479404
2294207141
2390453098
2392348682
2430219010
2432496107
2458768577
2509858814
2522353904
2526077800
2526079267
2592276659
2610011874
2632277969
2655348054
2659261529
2659268815
2680309690
2693516585
2703074288
2703836507
2716764802
2724403255
2726506448
2727425508
2729340130
2729460221
2730247649
2732854889
2742283456
2743463560
2749701094
2761525438
2761537841
2763729606
2776770135
2782924606
2795016958
2801703974
2801709390
2845003576
2845801303
2846302647
2850433999
2858027819
2858547479
2862574569
2862848032
2865440228
2866448058
2869600136
2870007595
2874822318
2874827994
2875439842
2878009055
2883807119
2891831233
2892108343
2893642248
2896796509
2896802549
2896815096
2898755750
2899288581
2900494335
2900512256
2900519315
2901368929
2901627950
2904613980
2907446464
2909392325
2910682256
2912370733
2917311661
2917773451
2923731148
2925260316
2926793086
2926921019
2929373880
2931179235
2934613201
2935578490
2936401813
2938067537
2938371591
2941497559
2944742532
2945991929
2955770720
2959992616
2960004887
2960044297
2960070587
2960076807
2960082164
2960087775
2960098822
2960103926
2960114620
2960120103
2960517977
2960525298
2960533124
2960544800
2960552800
2960558385
2960563200
2960569518
2960943233
2961243996
2961246755
2961248996
2961251387
2961345662
2961762896
2962140464
2962206242
2962538105
2962756353
2963103560
2963708499
2965641173
2967720814
2972080282
2973303444
2973736878
2975153080
2979963287
2985625436
2986048749
2986154122
2989538641
2996986704
3001569403
3002781199
3003685006
3004605636
3011558922
3013396100
3013852000
3017950126
3018409516
3018907326
3018972145
3019341297
3020538119
3021530100
3022397490
3024145784
3024496162
3024503793
3024609606
3024662443
3025018139
3025058007
3025079573
3025146894
3025165072
3025177818
3025344258
3025885559
3025895136
3025931803
3027955725
3030101526
3034186853
3037496757
3037511846
3037551346
3038089232
3038811802
3041505548
3049534196
3056258521
3056681194
3078251966
3079471675
3094569562
3100189857
3103818532
3105987825
3107890501
3108356123
3111385142
3112103943
3128649130
3129611025
3129627523
3130900915
3141251269
3146912093
3253418950
3263616809
827875810
