2405422958
2811044789
2844855929
2862515660
2868575069
2876720551
2876796524
2884612954
2885647023
2885654474
2885662065
2885971670
2886291873
2890015509
2896622860
2904801086
2904836589
2922047707
2922405471
2923296322
2932208540
2943851969
2945214304
2945222409
2947236028
2950664216
2953445522
2956283698
2958244369
2969172097
2969573573
2969759602
2972245328
2975555218
2984932329
2988024798
3000769374
3006244462
3013180512
3016777106
3019144925
3030758689
3036476880
3037439552
3037482455
3038123649
3038490091
3055383300
3104131303
3119014273
3119082496
3119303945
3119453338
3119489842
3119524017
3119614208
3119624428
3143348108
